11111111111111111111111111111111111111111111111111111111111111111111111111111111
11111111111111111111111111111111111111111111111111111111111111111111111111111111
11000000000000000000000000000000000000000000000000000000000000000000000000000011
11000000000000000000000000000000000000000000000000000000000000000000000000000011
11000000000000000000000000000000000000000000000000000000000000000000000000000011
11000000000000000000000000000000000000000000000000000000000000000000000000000011
11000000000000000000000000000000000000000000000000000000000000000000000000000011
11000000000000000000000000000000000000000000000000000000000000000000000000000011
11000000000000000000000000000000000000000000000000000000000000000000000000000011
11000000000000000000000000000000000000000000000000000000000000000000000000000011
11000000000000000000000000000000000000000000000000000000000000000000000000000011
11000000000000000000000000000000000000000000000000000000000000000000000000000011
11000000000000000000000000000000000000000000000000000000000000000000000000000011
11000000000000000000000000000000000000000000000000000000000000000000000000000011
11000000000000000000000000000000000000000000000000000000000000000000000000000011
11000000000000000000000000000000000000000000000000000000000000000000000000000011
11000000000000000000000000000000000000000000000000000000000000000000000000000011
11000000000000000000000000000000000000000000000000000000000000000000000000000011
11000000000000000000000000000000222222222200000000000000000000000000000000000011
11000000000000000000000000000000222222222200000000000000000000000000000000000011
11000000000000000000000000000022220000002222000000000000000000000000000000000011
11000000000000000000000000000022220000002222000000000000000000000000000000000011
11000000000000000000000000222200000000000022220000002222000000000000000000000011
11000000000000000000000000222200000000000022220000002222000000000000000000000011
11000000000000000000000022000000000000000000222222222200000000000000000000000011
11000000000000000000000022000000000000000000222222222200000000000000000000000011
11000000000000000000000022222200000000002222222222000000000000000000000000000011
11000000000000000000000022222200000000002222222222000000000000000000000000000011
11000000000000000000000000002222222222222200000022220000000000000000000000000011
11000000000000000000000000002222222222222200000022220000000000000000000000000011
11000000000000000000000000000000000000000000000000222200000000000000000000000011
11000000000000000000000000000000000000000000000000222200000000000000000000000011
11000000000000000000000000000000000000000000000000000022222200000000000000002211
11000000000000000000000000000000000000000000000000000022222200000000000000002211
11000000000000000000000000000000000000000000000000000000000022002200002222220011
11000000000000000000000000000000000000000000000000000000000022002200002222220011
11000000000000000000000000000000000000000000000000000000000000000022220022222211
11000000000000000000000000000000000000000000000000000000000000000022220022222211
11000000000000000000000000000000000000000000000000000000002222222200000000000011
11000000000000000000000000000000000000000000000000000000002222222200000000000011
11000000000000000000000000000000000000000000000000002222220000000000000000000011
11000000000000000000000000000000000000000000000000002222220000000000000000000011
11000000000000000000000000000000000000000000002222220000000000000000000000000011
11000000000000000000000000000000000000000000002222220000000000000000000000000011
11000000000000000000000000000000000000000000000000000000000000000000000000000011
11000000000000000000000000000000000000000000000000000000000000000000000000000011
11000000000000000000000000000000000000000000000000000000000000000000000000000011
11000000000000000000000000000000000000000000000000000000000000000000000000000011
11000000000000000000000000000000000000000000000000000000000000000000000000000011
11000000000000000000000000000000000000000000000000000000000000000000000000000011
11000000000000000000000000000000000000000000000000000000000000000000000000000011
11000000000000000000000000000000000000000000000000000000000000000000000000000011
11000000000000000000000000000000000000000000000000000000000000000000000000000011
11000000000000000000000000000000000000000000000000000000000000000000000000000011
11000000000000000000000000000000000000000000000000000000000000000000000000000011
11000000000000000000000000000000000000000000000000000000000000000000000000000011
11000000000000000000000000000000000000000000000000000000000000000000000000000011
11000000000000000000000000333333333333333333330000000000000000000000000000000011
11111111111111111111111111111111111111111111111111111111111111111111111111111111
11111111111111111111111111111111111111111111111111111111111111111111111111111111
