11111111111111111111111111111111111111111111111111111111111111111111111111111111
11111111111111111111111111111111111111111111111111111111111111111111111111111111
11222222222211000000000000000000000000000000000000000000000000000011222222222211
11222222222211000000000000000000000000000000000000000000000000000011222222222211
11000000000011001111111100000000000000000000000000000000111111110011000000000011
11000000000011001111111100000000000000000000000000000000111111110011000000000011
11111111110000001122000000000000000000000000000000000000000022110000001111111111
11111111110000001122000000000000000000000000000000000000000022110000001111111111
11111111111111111100000000000000000000000000000000000000000000111111111100000011
11111111111111111100000000000000000000000000000000000000000000111111111100000011
11000000000000001100000000000011111100000000111111000000000000110000000000000011
11000000000000001100000000000011111100000000111111000000000000110000000000000011
11000000000000001100000000001100001100000000110000110000000000110000000000000011
11000000000000001100000000001100001100000000110000110000000000110000000000000011
11000000000000001100000000110000001100000000110000001100000000110000000000000011
11000000000000001100000000110000001100000000110000001100000000110000000000000011
11000000000000000000000011000000000000000000000000000011000000000000000000000011
11000000000000000000000011000000000000000000000000000011000000000000000000000011
11000000000000000000001100000000000000000000000000000000110000000000000000000011
11000000000000000000001100000000000000000000000000000000110000000000000000000011
11000000000000000000110000000000000000000000000000000000001100000000000000000011
11000000000000000000110000000000000000000000000000000000001100000000000000000011
11000000000000000011000000000000000000000000000000000000000011000000000000000011
11000000000000000011000000000000000000000000000000000000000011000000000000000011
11000000000000001122000000000000000000000000000000000000000022110000000000000011
11000000000000001122000000000000000000000000000000000000000022110000000000000011
11000000000000001122000000000000000000000000000000000000000022110000000000000011
11000000000000001122000000000000000000000000000000000000000022110000000000000011
11000000000000000011000000000000000000000000000000000000000011000000000000000011
11000000000000000011000000000000000000000000000000000000000011000000000000000011
11000000000000000000110000000000000000000000000000000000001100000000000000000011
11000000000000000000110000000000000000000000000000000000001100000000000000000011
11000000000000000000001100000000000000000000000000000000110000000000000000000011
11000000000000000000001100000000000000000000000000000000110000000000000000000011
11000000000000000000000011000000000000000000000000000011000000000000000000000011
11000000000000000000000011000000000000000000000000000011000000000000000000000011
11000000000000000000000000110000001100000000110000001100000000000000000000000011
11000000000000000000000000110000001100000000110000001100000000000000000000000011
11000000000000000000000000001122221100000000112222110000000000000000000000000011
11000000000000000000000000001122221100000000112222110000000000000000000000000011
11000000000000000000000000000011111100000000111111000000000000000000000000000011
11000000000000000000000000000011111100000000111111000000000000000000000000000011
11111111111111111111111111110000001100000000110000001111111111111111111111111111
11111111111111111111111111110000001100000000110000001111111111111111111111111111
11000000000000000000000000000000001100000000110000000000000000000000000000000011
11000000000000000000000000000000001100000000110000000000000000000000000000000011
11000000000000000000000000000000001100000000110000000000000000000000000000000011
11000000000000000000000000000000001100000000110000000000000000000000000000000011
11000011111111111111111111111111111100000000111111111111111111111111111111000011
11000011111111111111111111111111111100000000111111111111111111111111111111000011
11000011000000000000000000000000001100000000110000000000000000000000000011000011
11000011000000000000000000000000001100000000110000000000000000000000000011000011
11000011000000000000000000000011001100000000110011000000000000000000000011000011
11000011000000000000000000000011001100000000110011000000000000000000000011000011
11000000000000000000000000001111001100000000110011110000000000000000000000000011
11000000000000000000000000001111001100000000110011110000000000000000000000000011
11000000000000000000000000111111001122222222110011111100000000000000000000000011
11000000000000000000000000111111331122222222113311111100000000000000000000000011
11111111111111111111111111111111111111111111111111111111111111111111111111111111
11111111111111111111111111111111111111111111111111111111111111111111111111111111
