11111111111111111111111111111111111111111111111111111111111111111111111111111111
11111111111111111111111111111111111111111111111111111111111111111111111111111111
11220000000000000000000000000011001100000000110011000000000000000000000000002211
11220000000000000000000000000011001100000000110011000000000000000000000000002211
11220000000000000000000000000011001100000000110011000000000000000000000000002211
11220000000000000000000000000011001100000000110011000000000000000000000000002211
11220000000000000000000000000000000000000000000000000000000000000000000000002211
11220000000000000000000000000000000000000000000000000000000000000000000000002211
11220000000000000000000000000000000000000000000000000000000000000000000000002211
11220000000000000000000000000000000000000000000000000000000000000000000000002211
11220000000000000000000000000000000000000000000000000000000000000000000000002211
11220000000000000000000000000000000000000000000000000000000000000000000000002211
11220000000011111111111111111111111100000000111111111111111111111111000000002211
11220000000011111111111111111111111100000000111111111111111111111111000000002211
11220000000000000000000000000000000000000000000000000000000000000000000000002211
11220000000000000000000000000000000000000000000000000000000000000000000000002211
11220000000000000000000000000000000000000000000000000000000000000000000000002211
11220000000000000000000000000000000000000000000000000000000000000000000000002211
11220000000000000000000000000000111100000000111100000000000000000000000000002211
11220000000000000000000000000000111100000000111100000000000000000000000000002211
11220000000000000000000000000000111100000000111100000000000000000000000000002211
11220000000000000000000000000000111100000000111100000000000000000000000000002211
11221111111111111100000000001111111111111111111111110000000000111111111111112211
11221111111111111100000000001111111111111111111111110000000000111111111111112211
11220000000000000000000000001100000000000000000000110000000000000000000000002211
11220000000000000000000000001100000000000000000000110000000000000000000000002211
11220000000000000000000000001100111100222200111100110000000000000000000000002211
11220000000000000000000000001100111100222200111100110000000000000000000000002211
11220000000000000000110000001100000000222200000000110000001100000000000000002211
11220000000000000000110000001100000000222200000000110000001100000000000000002211
11220000000000000000111100001100000011111111000000110000111100000000000000002211
11220000000000000000111100001100000011111111000000110000111100000000000000002211
11220000000000000000001111001100001111111111110000110011110000000000000000002211
11220000000000000000001111001100001111111111110000110011110000000000000000002211
11220000000000000000000011111100111111111111111100111111000000000000000000002211
11220000000000000000000011111100111111111111111100111111000000000000000000002211
11220000000000000000110000000000000000000000000000000000001100000000000000002211
11220000000000000000110000000000000000000000000000000000001100000000000000002211
11220000000000000000111100000000000000000000000000000000111100000000000000002211
11220000000000000000111100000000000000000000000000000000111100000000000000002211
11220000000000000000001111000000000000000000000000000011110000000000000000002211
11220000000000000000001111000000000000000000000000000011110000000000000000002211
11220000000000000000000011111100000000000000000000111111000000000000000000002211
11220000000000000000000011111100000000000000000000111111000000000000000000002211
11220000000000000000000000001100000000000000000000110000000000000000000000002211
11220000000000000000000000001100000000000000000000110000000000000000000000002211
11220000000000000000000000001100000000000000000000110000000000000000000000002211
11220000000000000000000000001100000000000000000000110000000000000000000000002211
11220000000000000000000000001100000000000000000000110000000000000000000000002211
11220000000000000000000000001100000000000000000000110000000000000000000000002211
11220000000000000000000000001100000000000000000000110000000000000000000000002211
11220000000000000000000000001100000000000000000000110000000000000000000000002211
11220000000000000000110000001100000000000000000000110000001100000000000000002211
11220000000000000000110000001100000000000000000000110000001100000000000000002211
11220000000000000000110000001100000000000000000000110000001100000000000000002211
11220000000000000000110000001100000000000000000000110000001100000000000000002211
11220000000000000000110000001100000000000000000000110000001100000000000000002211
11220000000000000000110000001100000000000000000000110000001100000000000000002211
11111111111111111111333333333333333333333333333333333333333311111111111111111111
11111111111111111111111111111111111111111111111111111111111111111111111111111111
